633

976
790
690
57 632
248 337
564 999
2 71
989
870
975
578 476
917
335 246
969
851
859
772
935
925
938
633 910
734
852
928 37
895
420
844
823
789 271
950
791
577 385
308
64 466
730
66 257
959
556
733
515
569
405 227
877
914
1
28
120
638
325
409 118
281
228
87
796 408
328
393
225
179
165 350
364
81
619 469
478 168
896
19
298
11
604
113
242 341
679
819
572 841
108 114
531
313
402 447
50
479
296
166
504
329
241
391
908
712
612 825
45
169 27
518 40
8 894
889
735 44
38
415 339
739
858 881
98
140
601 46
136
336 474
208
645
35
358
233
455 376
995 744
991 982
150 26
275
34
314
4
167
799
265
70
154
483
109
820
181
22
775
441
371 259
262 661
878
89
753 288
924
196
436
461 413
51 553
330 562
471 94
9
52 383
670 847
320
353 102
913
746
106
644
309
536
497
585 818
932 494
923
323
7
286
78
442
29
674 243
681 833
837 204
716 800
850
899
111
423
756
289 15
811
372 721
872 285
627
723
499
532
149
546
203
793 119
220
745
451
406
210
245
148
411
684 503
272
770 740
103
294
172 226
541
942
381
848
83
752 659
90
835 182
145
768
537 726
73
743
648
292
80 544
127
20 162
318 444
254
277
101 817
973 662
367
302
472
223 919
100
74
368 49
988 481
473
360
201
121
920 373
189
724
887
197
60
75
616
755
184
24
125
951
570
365 124
921
485
13
606
230
139
550
99 231
188 93
378
432 710
178
279
704
174
949 375
176
614
17
387
138 72
594
830
502
468
202
728
533
742
14
43
424 236
915 321
41
433
605
964
48
595 171
247
255
855
146 252
25
602
251
256 401
637 631
283
732
565
147 157
18 437
23
567
596
416
675 414
457
267
692
187
459 434
5
652
132
112
643 388
926
754
300
827
737 525
299
513 386
591
403 699
860
21
133 410
63
505
278
219
741
611
929 155
31 67
456
39
135
16
3
576
62
0 131
707
462
834 151
672
301
488
736
211
287
91 392
177
312
803
764
348
439
813 10
117 940
421
563 238
261
428 628
543 88
629
626
893
347
907
663
480
222
514
92
260
163 76
205
77
213
622 355
815
467
194
209
777
812
729
922
880
224 484
573 805
216
560
771
273 857
519
235
352
761
998
997
588
142
362
342
630 676
640
443 705
836
706
888
702
206 82
374
193
994
141
122
450
617 615
55 128
718
266 126
477
559
831
802
575
970
282
303
334
356
933
159
370
404
332
778
340
107
212
229
123 47
516
268
435
677
164
510 269
774 838
496 84
85 660
507
430
333
882 580
979 542
32 156
610
276
427 264
199 173
346
377
232
317
635 237
361
33
597
284
195 861
694
240
129 30
757
529 759
839
95 65
821
589 86
849
379
389
239
561
509
557
305
297 407
400
274
501 250
584
412
56
593
110
794 801
780
396
448
682
170
486
369
953 130
304 394
463
727
613
349
856 524
600 152
311
316
217
429
788 683
258
688
319
397
623
845
61 943
987
554
186
785
946 901
425
440
719
962
460
654
549
431
508
539
354
905
738
446
69 185
551
493
826
708
886
828 215
792
192
642
530
380
687
326
500
647
538
863
693
621
520
867
767
548 586
116 218
315
506
725
180 398
680
555
293
489
641
992
42
491
351
357
787
965 711
809
658
667
650
526
939
656
678
747
698 668
954
540
592
842
646
766
784
874
669
865
786
713
822
843
453
869
574
807
722
978
417 399
779
963
804
829
972
927 930
649
655
671
776
234 198
280 657
986
639